Year,Annual Births,Annual Deaths,Emigrants,Immigrants,Natural Increase,Net Migration,Population,Population Change,GDP
1951,,,,,26600.0,-35000.0,2960600.0,-8400.0,
1952,,,,,27300.0,-35000.0,2952900.0,-7700.0,
1953,,,,,29100.0,-33000.0,2949000.0,-3900.0,
1954,,,,,28200.0,-36000.0,2941200.0,-7800.0,
1955,,,,,24700.0,-45000.0,2920900.0,-20300.0,
1956,,,,,25600.0,-48000.0,2898500.0,-22400.0,
1957,,,,,27800.0,-41000.0,2885300.0,-13200.0,
1958,,,,,25400.0,-58000.0,2852700.0,-32600.0,
1959,,,,,24900.0,-32000.0,2845600.0,-7100.0,
1960,,,,,27500.0,-41000.0,2832100.0,-13500.0,879443520.0
1961,,,,,26200.0,-40000.0,2818300.0,-13800.0,946867776.0
1962,,,,,26800.0,-15000.0,2830100.0,11800.0,1025019008.0
1963,,,,,27900.0,-8000.0,2850000.0,19900.0,1102334336.0
1964,,,,,30800.0,-17000.0,2863800.0,13800.0,1254596480.0
1965,,,,,32000.0,-20000.0,2875800.0,12000.0,1335812224.0
1966,,,,,29200.0,-21000.0,2884000.0,8200.0,1407611520.0
1967,,,,,28700.0,-13000.0,2899700.0,15700.0,1537325184.0
1968,,,,,28500.0,-16000.0,2912200.0,12500.0,1734561280.0
1969,,,,,28000.0,-15000.0,2925200.0,13000.0,2003583488.0
1970,,,,,29700.0,-5000.0,2949900.0,24700.0,2325921000.0
1971,,,,,33300.0,-5000.0,2978200.0,28300.0,2660267000.0
1972,,,,,35200.0,11000.0,3024400.0,46200.0,3212102000.0
1973,,,,,35600.0,13000.0,3073000.0,48600.0,3877492000.0
1974,,,,,34900.0,16000.0,3123900.0,50900.0,4288785000.0
1975,,,,,33300.0,20000.0,3177200.0,53300.0,5443706000.0
1976,,,,,34600.0,16000.0,3227800.0,50600.0,6680024000.0
1977,,,,,34100.0,10000.0,3271900.0,44100.0,8187667000.0
1978,,,,,35100.0,7000.0,3314000.0,42100.0,9699903000.0
1979,,,,,38200.0,16000.0,3368200.0,54200.0,11365315000.0
1980,,,,,40800.0,-8000.0,3401000.0,32800.0,13438000000.0
1981,,,,,40400.0,2000.0,3443400.0,42400.0,16306713000.0
1982,,,,,37600.0,-1000.0,3480000.0,36600.0,19211314000.0
1983,,,,,38000.0,-14000.0,3504000.0,24000.0,21216671000.0
1984,,,,,34000.0,-9000.0,3529000.0,25000.0,23552928000.0
1985,,,,,31000.0,-20000.0,3540000.0,11000.0,25538905000.0
1986,,,,,28600.0,-28000.0,3540600.0,600.0,27095070000.0
1987,61200.0,32200.000000000004,40200.0,17200.0,29000.0,-23000.0,3546500.0,5900.0,28981691000.0
1988,57800.0,31600.0,61100.0,19200.0,26200.0,-41900.0,3530700.0,-15800.0,31483709000.0
1989,53600.0,31000.0,70600.0,26700.0,22600.0,-43900.0,3509500.0,-21200.0,35153676000.0
1990,51900.0,32800.0,56300.0,33300.0,19100.0,-22900.0,3505800.0,-3700.0,37851934000.0
1991,53100.0,31100.0,35300.0,33300.0,22000.0,-2000.0,3525700.0,19900.0,39277360000.0
1992,52800.0,31400.0,33400.0,40700.0,21400.0,7400.0,3554500.0,28800.0,41732005000.0
1993,50400.0,30400.0,35100.0,34700.0,20000.0,-400.0,3574100.0,19600.0,45073789000.0
1994,49100.0,32600.0,34800.0,30100.0,16600.0,-4700.0,3585900.0,11800.0,48475910000.0
1995,48400.0,31200.0,33100.0,31200.0,17200.0,-1900.0,3601300.0,15400.0,54758740000.0
1996,48800.0,32000.0,31200.0,39200.0,16700.0,8000.0,3626100.0,24800.0,60147568000.0
1997,50700.0,31700.0,25300.0,44500.0,19000.0,19200.0,3664300.0,38200.0,69400729000.0
1998,52700.0,31200.0,28600.0,46000.0,21500.0,17400.0,3703100.0,38800.0,80430814000.0
1999,53700.0,32400.0,31500.0,48900.0,21200.0,17300.0,3741600.0,38500.0,92790527000.0
2000,54000.0,32100.0,26600.0,52600.0,21800.0,26000.0,3789500.0,47900.0,108495000000.0
2001,55100.0,30200.0,26200.0,59000.0,24800.0,32800.0,3847200.0,57700.0,122089000000.0
2002,58100.0,29300.0,25600.0,66900.0,28800.0,41300.0,3917200.0,70000.0,135998000000.0
2003,60800.0,28900.0,29300.0,60000.0,31900.0,30700.0,3979900.0,62600.0,145577000000.0
2004,62000.0,28600.0,26500.0,58500.0,33300.0,32000.0,4045200.0,65300.0,156260000000.0
2005,61400.0,27900.0,29400.0,84600.0,33500.0,55100.0,4133800.0,88600.0,170307000000.0
2006,61200.0,27000.0,36000.0,107800.0,34200.0,71800.0,4232900.0,106000.0,184916000000.0
2007,66600.0,28400.0,46300.0,151100.0,38200.0,104800.0,4375800.0,142900.0,197069000000.0
2008,73000.0,28000.0,49200.0,113500.0,44900.0,64300.0,4485100.0,109200.0,187283000000.0
2009,75300.0,28600.0,72000.0,73700.0,46700.0,1600.0,4533400.0,48300.0,169520000000.0
2010,77200.0,28400.0,69200.0,41800.0,48800.0,-27500.0,4554800.0,21400.0,167391000000.0
2011,75100.0,27700.0,80600.0,53300.0,47500.0,-27400.0,4574900.0,20100.0,171703000000.0
2012,73200.0,28700.0,83000.0,57300.0,44500.0,-25700.0,4593700.0,18800.0,175615000000.0
2013,69400.0,29800.0,81300.0,62700.0,39600.0,-18700.0,4614700.0,21000.0,179458000000.0
2014,68400.0,29200.0,75000.0,66500.0,39200.0,-8500.0,4645400.0,30800.0,195085000000.0
2015,66400.0,29900.0,70000.0,75900.0,36500.0,5900.0,4687800.0,42300.0,262976000000.0
2016,65400.00000000001,29800.0,66200.0,82300.0,35600.0,16200.0,4739600.0,51800.0,270205000000.0
2017,63400.0,31300.0,56100.0,95300.0,32100.0,39200.0,4810900.0,71300.0,297763000000.0
2018,61600.0,32000.0,51600.0,96000.0,29600.0,44400.0,4884900.0,74000.0,326631000000.0
2019,60500.0,30900.0,53100.0,97100.0,29600.0,44000.0,4958500.0,73600.0,356705000000.0
2020,59100.0,32400.0,50900.0,95600.0,26700.0,44700.0,5029900.0,71400.0,372836000000.0
2021,57300.0,34300.0,52300.0,74100.0,23000.0,21800.0,5074700.0,44800.0,426283000000.0
2022,59700.0,33600.0,56100.0,107800.0,26100.0,51700.0,5184000.0,77800.0,502584000000.0
2023,55500.0,35500.0,64000.0,141600.0,20000.0,77600.0,5281600.0,97600.0,
